0x00000000: FA B8 00 10  8E D0 BC 00   B0 B8 00 00  8E D8 8E C0    ................
0x00000010: FB BE 00 7C  BF 00 06 B9   00 02 F3 A4  EA 21 06 00    ...|.........!..
0x00000020: 00 BE BE 07  38 04 75 0B   83 C6 10 81  FE FE 07 75    ....8.u........u
0x00000030: F3 EB 16 B4  02 B0 01 BB   00 7C B2 80  8A 74 01 8B    .........|...t..
0x00000040: 4C 02 CD 13  EA 00 7C 00   00 EB FE 00  00 00 00 00    L.....|.........
0x00000050: 00 00 00 00  00 00 00 00   00 00 00 00  00 00 00 00    ................
0x00000060: 00 00 00 00  00 00 00 00   00 00 00 00  00 00 00 00    ................
0x00000070: 00 00 00 00  00 00 00 00   00 00 00 00  00 00 00 00    ................
0x00000080: 00 00 00 00  00 00 00 00   00 00 00 00  00 00 00 00    ................
0x00000090: 00 00 00 00  00 00 00 00   00 00 00 00  00 00 00 00    ................
0x000000a0: 00 00 00 00  00 00 00 00   00 00 00 00  00 00 00 00    ................
0x000000b0: 00 00 00 00  00 00 00 00   00 00 00 00  00 00 00 00    ................
0x000000c0: 00 00 00 00  00 00 00 00   00 00 00 00  00 00 00 00    ................
0x000000d0: 00 00 00 00  00 00 00 00   00 00 00 00  00 00 00 00    ................
0x000000e0: 00 00 00 00  00 00 00 00   00 00 00 00  00 00 00 00    ................
0x000000f0: 00 00 00 00  00 00 00 00   00 00 00 00  00 00 00 00    ................
0x00000100: 00 00 00 00  00 00 00 00   00 00 00 00  00 00 00 00    ................
0x00000110: 00 00 00 00  00 00 00 00   00 00 00 00  00 00 00 00    ................
0x00000120: 00 00 00 00  00 00 00 00   00 00 00 00  00 00 00 00    ................
0x00000130: 00 00 00 00  00 00 00 00   00 00 00 00  00 00 00 00    ................
0x00000140: 00 00 00 00  00 00 00 00   00 00 00 00  00 00 00 00    ................
0x00000150: 00 00 00 00  00 00 00 00   00 00 00 00  00 00 00 00    ................
0x00000160: 00 00 00 00  00 00 00 00   00 00 00 00  00 00 00 00    ................
0x00000170: 00 00 00 00  00 00 00 00   00 00 00 00  00 00 00 00    ................
0x00000180: 00 00 00 00  00 00 00 00   00 00 00 00  00 00 00 00    ................
0x00000190: 00 00 00 00  00 00 00 00   00 00 00 00  00 00 00 00    ................
0x000001a0: 00 00 00 00  00 00 00 00   00 00 00 00  00 00 00 00    ................
0x000001b0: 00 00 00 00  00 00 00 00   59 A5 7E 04  00 00 00 04    ........Y.~.....
0x000001c0: 01 04 0C FE  C2 FF 00 08   00 00 00 00  14 00 00 FE    ................
0x000001d0: C2 FF 07 FE  C2 FF 00 08   14 00 00 F8  52 00 00 FE    ............R...
0x000001e0: C2 FF 83 FE  C2 FF 00 00   67 00 00 F0  22 00 00 00    ........g..."...
0x000001f0: 00 00 00 00  00 00 00 00   00 00 00 00  00 00 55 AA    ..............U.

